814 343
1186 539
639 561
347 592
541 432
1119 872
524 807
443 340
1070 447
689 760
1094 158
449 48
500 262
616 612
165 193
630 668
1117 665
83 294
238 295
772 440
457 823
269 94
422 297
276 29
401 175
448 125
947 827
360 92
115 651
164 567
380 870
602 493
1103 652
278 557
1193 692
622 328
883 506
407 798
787 87
43 215
238 579
995 414
1058 478
325 578
60 232
1161 872
924 570
622 826
866 346
497 811
697 474
884 562
690 269
1183 514
347 227
283 287
554 550
210 307
1174 645
892 617
194 208
294 135
559 330
260 211
298 351
1132 229
1028 503
995 229
445 856
1050 216
710 172
501 659
169 584
1052 391
1114 223
500 79
624 652
708 560
416 28
987 675
545 606
655 90
55 712
734 308
773 470
1013 129
5 140
157 184
157 673
1143 793
1108 389
101 480
313 539
903 333
334 368
445 850
107 485
1091 668
969 224
14 792
563 321
1135 479
648 178
403 193
293 629
598 358
852 366
79 836
635 264
213 741
866 401
535 346
577 280
33 620
790 381
196 778
1073 22
614 386
55 92
266 28
33 106
412 577
23 584
602 294
367 870
722 834
1037 27
973 695
385 394
440 125
1046 338
655 156
1016 452
