1040 200
423 138
1050 14
772 61
345 560
1152 736
199 737
1019 852
945 556
306 851
150 439
555 860
1043 65
1096 333
383 445
185 817
1158 367
888 395
636 250
607 118
964 433
566 285
931 749
420 726
785 569
68 614
470 806
553 247
885 647
160 221
1083 336
216 378
696 163
409 851
1156 295
1149 72
1015 94
634 819
318 99
401 103
1107 184
349 514
1197 107
950 93
632 235
701 86
327 49
488 431
814 238
577 748
935 415
760 823
1196 795
510 92
880 418
1181 759
678 411
357 816
468 242
466 752
604 643
290 258
961 373
957 862
19 520
308 89
403 633
808 426
1045 845
45 125
519 619
973 848
381 149
1156 159
283 725
929 248
363 446
1109 18
201 340
796 460
1032 485
664 350
321 215
193 150
1129 93
553 231
284 45
140 827
123 794
223 21
743 134
735 230
203 97
815 68
338 636
155 468
630 846
245 545
4 10
1044 47
97 317
69 373
302 310
534 642
122 797
591 778
24 835
331 272
149 126
1136 216
691 369
824 10
59 892
1114 169
620 216
830 805
869 862
983 600
258 410
478 62
921 833
686 187
525 285
85 515
86 186
894 688
590 73
709 331
420 464
1037 566
337 617
89 339
302 41
861 257
564 328
134 190
211 34
1019 578
966 259
1107 374
340 692
509 324
374 826
1164 40
686 96
985 406
600 352
390 689
251 502
917 281
185 20
1108 269
3 789
1002 755
521 764
117 125
564 117
285 180
336 454
632 417
805 1
731 221
252 806
1127 741
294 457
359 322
229 97
832 428
154 661
805 747
264 498
1108 205
836 612
1028 571
996 872
152 598
552 814
141 239
123 210
241 592
1172 582
518 329
518 327
279 487
201 483
334 55
633 258
172 572
703 800
1116 410
502 874
631 502
218 514
672 60
454 331
72 474
304 242
35 638
218 267
683 211
633 116
320 687
478 425
1099 681
805 784
936 203
321 744
276 519
1049 486
1015 247
1151 35
646 624
1127 440
1110 281
235 1
263 747
1188 439
704 801
924 710
937 523
911 883
82 774
476 617
914 348
1063 838
766 885
738 113
655 834
117 215
219 463
380 599
1189 11
687 328
1159 830
307 540
706 363
571 256
969 344
816 72
280 395
320 851
402 846
1180 409
863 674
565 118
370 611
376 790
820 502
287 678
1097 454
768 739
907 382
461 741
781 896
983 585
143 467
1034 355
45 684
903 553
388 633
572 26
329 88
984 181
