78 197
326 391
141 816
328 715
140 252
106 40
82 50
69 758
83 578
1125 788
64 18
445 595
98 894
322 241
956 183
1022 265
675 426
227 770
415 57
648 612
459 248
367 543
488 489
866 290
681 142
597 330
575 648
575 164
682 126
549 540
731 644
97 475
1190 610
321 42
164 24
1037 40
589 891
91 886
692 530
691 221
942 430
810 566
156 896
333 285
452 640
840 674
1173 897
569 55
98 222
344 697
1167 300
1059 826
369 34
772 30
432 268
907 86
1112 278
745 590
1196 485
259 502
238 559
1032 28
576 410
788 733
1066 299
496 237
806 302
23 738
891 57
911 774
121 360
915 158
523 643
658 229
448 88
828 245
738 771
282 457
335 747
981 73
63 787
232 853
465 74
1161 122
622 779
587 479
314 96
422 384
638 251
1002 588
276 869
87 111
1111 192
689 817
1175 680
788 843
566 679
1021 624
146 298
1105 868
939 19
569 232
913 424
72 387
620 288
820 456
988 746
600 168
617 741
141 809
1002 189
565 793
894 755
970 878
534 253
276 370
135 882
29 65
174 733
708 732
98 450
135 454
789 554
1166 112
938 158
1182 768
386 347
1119 829
864 201
506 349
43 62
1104 552
546 263
468 410
1070 416
866 538
617 238
905 411
906 27
1089 895
528 607
547 322
1187 828
1079 468
133 67
1081 50
803 800
1026 112
1080 742
84 224
1193 226
81 197
647 210
1137 797
148 135
604 707
107 623
43 802
22 622
861 594
438 592
711 870
196 27
910 155
629 543
57 623
820 72
587 641
1067 220
7 56
957 501
395 756
446 667
636 327
1042 431
520 602
721 628
649 601
357 691
633 365
286 319
142 26
513 509
381 673
949 422
350 712
478 5
667 759
56 32
734 57
638 781
58 724
724 707
97 619
210 131
333 637
416 829
336 676
149 22
596 193
188 112
822 615
792 862
1156 883
795 319
595 701
680 874
933 468
447 267
97 77
248 793
801 111
262 859
288 9
807 888
818 421
584 442
995 880
394 762
465 827
184 856
268 662
182 698
973 210
383 340
214 770
1166 483
564 565
34 569
368 25
912 226
983 660
633 463
1182 603
440 521
446 113
393 215
988 80
715 544
422 648
259 244
908 384
1086 528
395 328
307 327
212 211
379 453
430 363
94 731
646 648
741 589
288 525
221 212
323 815
26 228
18 74
665 335
891 343
161 155
713 311
169 349
928 341
1035 13
745 589
252 150
1020 820
627 175
980 782
1122 688
572 232
217 52
1185 754
180 325
1100 348
83 897
808 477
1194 835
1152 309
228 381
35 21
1145 890
7 628
958 611
322 235
1031 372
389 786
878 643
974 343
509 794
555 711
1171 125
469 862
1069 857
627 676
905 851
760 227
958 461
1171 118
953 252
174 522
1132 182
888 25
822 315
1053 549
662 648
767 203
610 263
117 212
37 178
1020 107
1069 184
948 275
841 450
111 778
151 720
592 422
790 561
771 229
868 637
1045 308
341 444
1197 125
542 340
628 244
788 747
58 177
819 772
496 692
752 168
851 193
523 276
302 181
206 766
799 98
511 294
936 393
414 340
37 294
246 273
216 305
285 775
428 639
884 293
293 206
461 541
948 198
650 302
1034 189
923 439
949 740
72 502
806 462
254 144
248 868
1063 895
390 370
147 478
723 393
934 470
375 589
943 49
540 345
922 499
600 408
316 435
445 251
64 128
1172 631
925 313
38 340
148 136
778 435
1159 247
750 856
351 754
716 107
714 521
1031 826
380 869
604 238
702 65
828 234
892 507
550 119
415 627
206 631
334 479
304 467
50 505
392 570
1076 761
486 564
1156 401
845 591
1120 367
456 762
830 536
825 650
760 649
55 691
36 771
315 223
218 461
529 654
838 765
371 811
583 310
446 413
234 511
444 570
