777 31
749 778
998 379
683 71
755 338
1070 482
777 682
547 788
904 888
630 544
1177 350
467 566
496 718
975 219
437 163
435 875
617 327
821 472
749 407
963 213
815 684
719 96
724 611
471 28
721 184
614 56
553 333
1082 898
763 463
811 746
657 858
763 10
1049 684
667 787
1129 647
452 294
891 14
533 232
422 876
1173 541
1035 540
610 151
790 60
626 481
777 640
749 48
751 395
1056 400
820 184
813 738
418 384
642 837
746 441
413 285
979 189
635 650
437 435
406 676
777 249
673 581
471 884
828 56
1184 787
679 350
1031 821
441 13
1032 55
1106 150
856 845
518 136
936 271
646 184
621 632
550 776
782 317
560 549
961 211
864 783
488 503
564 43
902 766
833 657
1008 764
873 794
1021 820
743 528
446 831
450 372
900 82
431 604
539 606
494 400
1179 773
1018 445
940 620
1145 584
568 680
672 191
1168 371
988 458
917 350
865 669
1143 540
685 77
574 769
1166 457
884 887
739 411
1124 592
1141 324
994 396
1119 218
795 393
582 715
994 339
1120 613
1006 848
968 544
1082 117
628 696
960 378
955 528
511 56
442 831
728 686
839 662
658 152
712 499
1125 228
530 9
568 519
799 485
1072 110
1010 76
1003 659
634 257
1041 381
744 684
611 505
1134 210
780 509
905 154
450 609
818 781
410 486
577 289
562 287
497 673
604 50
642 600
656 837
923 40
955 417
1165 150
877 847
704 429
534 72
556 39
808 393
775 574
1130 214
754 887
407 582
1153 458
1137 222
545 438
752 458
900 791
757 357
940 489
945 847
461 863
598 709
928 695
1011 613
431 47
1122 766
984 71
524 14
471 240
634 805
578 285
733 36
811 93
1124 725
832 842
624 367
1136 339
767 102
946 92
797 333
1135 488
663 111
882 207
764 794
719 275
1008 843
449 598
933 821
720 469
627 288
403 66
1043 523
634 3
626 155
945 183
593 12
741 495
789 174
405 760
815 491
441 140
838 359
957 203
980 396
920 270
400 188
450 312
631 293
761 256
1173 74
739 560
608 88
869 323
1068 842
1023 247
622 79
996 111
562 71
1078 730
1168 140
446 198
1099 13
906 459
1191 699
1080 786
639 567
1182 280
935 528
881 824
1121 155
527 883
1179 799
1017 54
1168 16
560 789
1179 236
1172 690
1123 19
1174 766
812 140
469 279
1141 745
526 234
1199 842
638 626
912 639
476 837
713 617
1089 199
699 707
1165 211
937 223
558 561
1051 351
655 270
887 605
479 385
1096 819
933 4
678 472
661 280
785 21
559 404
1009 55
1025 520
991 728
1158 648
684 93
682 49
653 372
903 588
865 151
1187 151
872 162
669 449
474 87
1144 14
427 374
444 540
478 713
736 600
930 111
1011 50
1012 719
415 176
973 762
491 442
509 317
638 407
1101 21
1115 512
423 191
835 273
596 746
721 839
682 877
847 537
986 14
499 221
1088 419
771 337
1051 460
853 590
595 597
908 39
463 86
691 643
463 328
759 416
550 142
478 246
425 536
650 836
872 842
1076 107
856 754
519 544
1146 369
828 498
663 631
606 167
595 719
676 30
1001 643
1028 439
558 227
1119 870
1072 233
1172 115
1005 745
727 9
525 655
1191 413
463 380
1046 79
678 230
978 391
519 741
979 854
915 393
755 783
779 585
1054 413
1032 809
709 453
1094 284
422 40
1061 776
1121 490
797 805
1189 359
917 751
796 501
502 414
527 715
1003 585
430 112
980 39
693 847
1084 155
534 127
1186 585
860 571
580 604
726 63
463 207
971 841
641 459
512 588
908 492
708 448
698 138
918 66
607 102
497 443
1106 114
1000 74
1087 221
886 657
996 780
588 600
793 850
930 129
998 723
717 534
1061 577
903 646
848 262
404 896
764 898
579 524
469 71
1062 74
978 250
752 564
508 127
897 776
695 747
939 397
712 73
722 128
904 357
902 837
543 831
956 857
1016 92
472 404
1080 433
447 493
855 801
413 625
1053 761
974 627
908 166
945 654
1192 401
1086 492
1115 856
652 863
935 232
824 658
565 610
741 138
1164 704
1025 775
891 534
1186 501
651 56
1149 689
1158 704
1173 399
1178 469
468 577
1144 450
1049 2
525 525
639 323
767 690
912 346
489 540
713 307
926 890
1193 34
1031 676
942 890
1062 123
1097 59
404 122
645 273
1188 71
740 552
474 623
971 330
567 666
1122 273
760 213
746 563
957 292
650 686
707 826
544 862
1151 315
465 25
1115 233
1011 744
503 637
1104 852
808 371
739 654
980 322
975 233
1078 60
798 691
968 431
768 730
468 840
605 374
1079 725
553 92
562 806
903 872
1046 390
411 44
1160 328
517 467
580 180
667 39
450 424
746 131
1036 683
729 842
1004 17
852 608
973 814
684 697
1165 287
590 505
1198 135
856 620
668 100
1151 739
466 420
1128 652
1089 58
616 141
1012 863
666 350
513 149
595 373
807 130
780 354
610 50
873 126
656 422
565 529
593 794
730 895
552 812
1017 560
962 470
999 111
727 894
607 256
936 773
694 431
839 302
985 827
1126 722
893 792
643 497
402 603
1165 526
854 892
462 776
1108 464
576 638
553 666
770 521
907 227
994 52
1078 692
722 732
727 267
503 863
914 232
1135 581
1004 675
922 849
1171 126
1159 527
803 724
979 96
872 883
917 789
597 697
1136 840
546 391
1136 311
442 596
851 547
469 765
451 121
947 283
1064 69
749 875
870 349
1023 219
735 830
1116 560
741 739
675 864
1018 771
809 731
801 400
1060 352
594 723
1135 352
1168 479
754 873
490 498
515 656
1039 407
806 245
401 792
939 557
598 621
701 802
604 348
1069 544
894 839
618 406
1011 493
1057 113
840 342
858 653
1038 76
1043 560
1045 31
1141 370
585 122
