882 225
445 786
690 658
183 385
44 598
748 246
518 178
324 687
1131 300
780 152
859 419
578 390
1180 888
462 863
775 553
329 369
1059 325
640 390
1015 682
492 544
1067 314
1095 782
888 132
118 211
282 477
252 866
333 588
1070 624
1176 647
1007 274
1100 805
437 881
1037 790
433 79
834 857
1062 94
649 879
582 718
131 195
72 863
205 608
974 320
497 550
1100 86
1050 726
367 368
412 477
121 528
970 7
1082 465
474 605
463 882
941 582
215 606
789 611
828 412
745 382
266 143
174 461
1147 400
831 309
957 755
494 674
335 172
1032 575
1033 526
179 604
25 37
973 439
607 239
25 419
703 217
287 855
710 857
657 802
736 664
1108 388
75 56
798 95
586 642
122 735
525 623
138 249
660 24
1115 824
203 595
611 316
1022 55
462 581
760 122
777 616
134 270
1150 642
78 398
286 740
868 66
584 725
686 652
760 345
614 698
1051 186
90 846
200 576
755 233
954 812
579 370
1190 687
863 533
929 222
76 723
1070 692
1039 8
1118 823
224 212
686 827
997 360
274 880
748 610
1053 718
1098 859
80 587
1005 84
572 362
1111 98
776 237
1116 7
392 668
16 424
720 203
850 379
967 429
1199 794
885 545
957 135
1102 584
917 685
961 392
975 249
244 826
947 537
1050 532
572 57
670 124
83 94
388 875
528 166
606 268
293 626
528 420
299 762
174 332
268 775
1122 530
115 804
992 883
1 370
313 285
977 720
1121 206
1007 450
101 274
549 668
235 8
642 879
586 870
1182 255
770 262
665 48
1081 70
212 872
537 61
105 538
7 307
1197 427
99 463
918 599
1098 628
602 600
1155 839
60 43
1072 818
682 78
45 216
1115 833
897 66
667 120
291 7
331 676
262 375
1138 744
430 728
569 146
63 887
483 830
1158 162
1169 259
184 879
754 479
944 498
1165 330
1160 252
177 298
1007 655
626 138
343 877
923 693
736 91
538 833
908 779
678 688
926 776
988 408
1133 534
1005 678
115 410
833 883
78 304
728 269
552 185
556 283
943 376
187 278
272 701
943 289
1040 684
554 252
80 122
216 288
1125 17
539 432
1069 77
124 196
793 692
1039 292
700 877
1116 443
974 732
1047 508
271 736
1020 194
1153 313
1104 861
296 45
1137 213
982 40
748 186
794 34
1021 581
364 270
680 861
1130 601
821 735
1126 510
992 99
757 702
687 493
976 885
997 414
980 635
1067 490
1099 897
1024 747
321 353
435 670
402 212
906 594
313 577
628 175
436 886
216 156
1004 536
549 158
153 756
301 682
331 841
717 235
720 314
613 390
411 332
570 818
347 317
651 719
460 492
690 411
648 412
284 756
839 207
290 268
434 500
309 336
1130 725
597 346
946 873
43 55
975 83
418 758
242 864
875 863
219 877
841 133
265 521
767 652
261 856
1104 540
629 216
767 802
376 850
801 255
139 369
175 418
823 619
1144 541
547 188
731 716
262 379
617 38
1111 506
723 170
938 6
194 56
1134 27
587 751
15 711
763 766
348 886
635 424
708 745
558 743
190 665
20 359
753 217
194 467
137 848
467 811
317 478
976 584
907 669
366 298
452 662
645 874
430 851
634 888
756 217
160 176
674 806
326 590
486 756
670 489
1084 725
515 710
895 712
390 535
341 615
837 106
