128 862
595 406
255 374
316 490
344 784
640 137
786 545
562 383
158 72
836 410
1089 331
671 252
1171 101
1155 226
1183 45
481 852
907 672
802 453
1058 783
345 485
586 765
136 594
239 555
853 61
891 401
916 368
422 34
977 870
1057 521
984 649
890 878
389 731
747 882
122 526
399 643
313 860
1106 801
195 657
570 382
212 145
615 780
210 575
194 102
223 705
335 58
53 809
680 431
462 781
270 62
1163 255
873 770
31 206
195 499
1045 573
904 327
862 120
570 568
439 521
1103 673
52 315
757 248
468 77
275 92
146 566
734 100
106 340
684 822
1056 257
594 385
767 654
1110 73
1019 228
258 758
881 865
592 46
33 499
811 170
488 115
536 55
565 148
66 872
713 288
512 336
141 802
347 843
806 253
1007 241
184 805
117 791
311 341
105 733
456 388
41 760
500 863
477 580
517 838
13 794
800 473
331 536
847 400
318 185
106 880
1141 866
129 81
999 110
535 881
410 822
733 166
905 806
1190 868
39 484
227 661
959 368
153 745
318 45
947 884
979 429
96 6
956 146
801 403
855 881
864 756
778 826
1074 402
419 181
691 843
345 653
933 456
179 549
519 343
644 255
980 209
830 851
956 883
53 197
747 788
1050 792
1019 363
297 593
376 349
1033 213
1115 86
168 188
1106 386
177 874
690 634
360 229
298 279
751 323
641 739
827 605
32 728
836 170
140 564
439 37
154 755
1136 578
640 675
733 359
541 289
551 183
387 872
391 177
