235 396
790 707
1080 303
574 304
242 565
959 746
538 602
518 276
521 504
423 440
596 731
1183 435
285 664
474 141
35 353
893 504
2 125
1147 873
352 816
15 440
93 632
182 524
905 385
601 388
647 274
1012 397
775 416
803 357
1054 380
1121 24
1044 461
841 528
1036 249
158 491
1162 162
912 150
1040 874
344 777
494 320
75 532
448 273
475 320
1066 20
888 292
735 875
91 235
1089 189
31 438
307 763
907 674
236 381
1026 380
932 60
982 382
692 566
106 255
786 238
1075 328
863 766
451 413
381 163
30 785
698 153
375 360
848 280
798 137
231 272
862 832
12 220
403 715
1085 821
50 507
674 788
