1145 461
224 182
328 873
182 317
748 574
833 809
232 307
336 412
139 199
986 402
1110 397
628 148
360 886
88 238
1147 75
95 269
999 316
284 392
450 388
944 641
970 375
576 429
1080 478
812 763
442 124
406 706
992 575
800 478
937 321
715 37
104 151
844 284
450 91
815 399
436 29
515 257
655 729
612 812
962 708
361 111
1005 659
732 431
139 241
114 530
10 765
896 858
156 97
328 95
638 522
360 560
1067 23
436 695
198 841
642 751
962 304
710 537
825 293
451 813
505 635
787 273
685 431
936 513
447 62
185 604
1047 726
853 389
402 710
722 611
13 775
695 569
430 643
116 897
162 59
371 626
1011 336
742 78
873 193
607 249
1190 738
483 516
965 617
836 654
13 537
242 356
474 293
860 254
814 123
684 575
610 240
55 413
371 796
929 835
384 645
266 681
493 897
266 7
278 495
436 87
439 677
1001 386
