882 225
445 786
690 658
183 385
44 598
748 246
518 178
324 687
1131 300
780 152
859 419
578 390
1180 888
462 863
775 553
329 369
1059 325
640 390
1015 682
492 544
1067 314
1095 782
888 132
118 211
282 477
252 866
333 588
1070 624
1176 647
1007 274
1100 805
437 881
1037 790
433 79
834 857
1062 94
649 879
582 718
131 195
72 863
205 608
974 320
497 550
1100 86
1050 726
367 368
412 477
121 528
970 7
1082 465
474 605
463 882
941 582
215 606
789 611
828 412
745 382
266 143
174 461
1147 400
831 309
957 755
494 674
335 172
1032 575
1033 526
179 604
25 37
973 439
607 239
25 419
703 217
287 855
710 857
657 802
736 664
1108 388
75 56
798 95
586 642
122 735
525 623
138 249
660 24
1115 824
203 595
611 316
1022 55
462 581
760 122
777 616
134 270
1150 642
78 398
286 740
868 66
584 725
686 652
760 345
614 698
1051 186
90 846
200 576
