1040 200
423 138
1050 14
772 61
345 560
1152 736
199 737
1019 852
945 556
306 851
150 439
555 860
1043 65
1096 333
383 445
185 817
1158 367
888 395
636 250
607 118
964 433
566 285
931 749
420 726
785 569
68 614
470 806
553 247
885 647
160 221
1083 336
216 378
696 163
409 851
1156 295
1149 72
1015 94
634 819
318 99
401 103
1107 184
349 514
1197 107
950 93
632 235
701 86
327 49
488 431
814 238
577 748
935 415
760 823
1196 795
510 92
880 418
1181 759
678 411
357 816
468 242
466 752
604 643
290 258
961 373
957 862
19 520
308 89
403 633
808 426
1045 845
45 125
519 619
973 848
381 149
1156 159
283 725
929 248
363 446
1109 18
