78 197
326 391
141 816
328 715
140 252
106 40
82 50
69 758
83 578
1125 788
64 18
445 595
98 894
322 241
956 183
1022 265
675 426
227 770
415 57
648 612
459 248
367 543
488 489
866 290
681 142
597 330
575 648
575 164
682 126
549 540
731 644
97 475
1190 610
321 42
164 24
1037 40
589 891
91 886
692 530
691 221
942 430
810 566
156 896
333 285
452 640
840 674
1173 897
569 55
98 222
344 697
1167 300
1059 826
369 34
772 30
432 268
907 86
1112 278
745 590
1196 485
259 502
238 559
1032 28
576 410
788 733
1066 299
496 237
806 302
23 738
891 57
911 774
121 360
915 158
523 643
658 229
448 88
828 245
738 771
282 457
335 747
981 73
63 787
232 853
465 74
1161 122
622 779
587 479
314 96
422 384
638 251
1002 588
276 869
87 111
1111 192
689 817
1175 680
788 843
566 679
1021 624
146 298
1105 868
939 19
569 232
913 424
72 387
620 288
820 456
988 746
600 168
617 741
141 809
1002 189
565 793
894 755
970 878
534 253
276 370
135 882
29 65
174 733
708 732
98 450
135 454
789 554
1166 112
