1110 675
399 802
666 76
1089 83
515 412
212 165
705 219
746 689
524 24
559 568
807 866
1039 599
836 356
37 144
308 199
8 243
409 850
757 382
1057 290
289 722
852 676
1164 127
440 617
833 855
444 366
301 733
422 118
265 237
644 689
678 508
432 323
190 703
185 416
409 836
1111 621
402 749
666 21
1089 29
515 358
227 113
721 167
481 857
772 739
540 78
580 619
1105 5
838 817
1061 548
281 29
853 304
50 98
324 251
25 296
775 434
1073 238
314 770
877 726
1179 75
463 667
864 804
461 314
329 783
436 165
283 290
671 741
698 558
449 374
5 133
216 651
203 364
440 886
812 464
1030 55
340 721
991 45
307 359
965 812
221 849
368 810
37 421
567 391
98 896
1009 615
21 744
1190 187
168 310
661 408
62 327
472 405
592 514
65 688
887 456
85 605
222 383
494 89
558 654
471 161
1006 220
321 604
1121 328
491 382
406 98
717 394
433 448
279 634
951 661
416 370
1002 852
820 85
1183 11
239 631
833 45
925 633
1002 293
1033 318
52 537
871 837
602 468
689 811
579 31
726 594
129 881
1188 550
1154 334
721 823
735 840
552 13
817 530
1039 741
1136 478
32 701
668 640
799 744
1120 610
238 899
219 62
717 388
433 441
279 628
951 655
416 363
1003 846
820 79
1183 5
240 624
833 39
925 627
1002 287
1035 312
55 543
875 831
605 474
692 817
581 37
729 588
133 875
1190 556
1157 327
725 829
738 834
554 7
819 536
1042 735
1138 472
35 707
671 634
802 750
1123 604
221 68
717 377
433 430
279 617
951 644
416 352
1004 835
820 68
240 613
833 28
925 616
1002 276
1038 301
59 554
881 821
608 485
698 827
584 48
733 577
139 865
1194 566
1160 317
731 839
745 824
823 546
1047 725
1142 461
41 717
793 2
676 624
807 760
1127 594
224 79
694 788
83 328
647 139
1073 428
252 201
1182 97
1050 576
100 390
384 93
1009 621
981 488
947 579
582 220
764 362
558 734
1102 416
876 27
635 769
729 839
630 222
517 274
438 500
347 22
504 269
640 632
855 703
979 530
303 859
1069 544
508 471
835 40
593 783
525 285
502 597
810 441
829 573
740 453
978 116
583 621
730 558
773 98
301 284
783 152
857 233
1096 44
22 131
