777 31
749 778
998 379
683 71
755 338
1070 482
777 682
547 788
904 888
630 544
1177 350
467 566
496 718
975 219
437 163
435 875
617 327
821 472
749 407
963 213
815 684
719 96
724 611
471 28
721 184
614 56
553 333
1082 898
763 463
811 746
657 858
763 10
1049 684
667 787
1129 647
452 294
891 14
533 232
422 876
1173 541
1035 540
610 151
790 60
626 481
777 640
749 48
751 395
1056 400
820 184
813 738
418 384
642 837
746 441
413 285
979 189
635 650
437 435
406 676
777 249
673 581
471 884
828 56
1184 787
679 350
1031 821
441 13
1032 55
1106 150
856 845
518 136
936 271
646 184
621 632
550 776
782 317
560 549
961 211
864 783
488 503
564 43
902 766
833 657
1008 764
873 794
1021 820
743 528
446 831
450 372
900 82
431 604
539 606
494 400
1179 773
1018 445
940 620
1145 584
568 680
672 191
1168 371
988 458
917 350
865 669
1143 540
685 77
574 769
1166 457
884 887
739 411
1124 592
1141 324
994 396
1119 218
795 393
582 715
994 339
1120 613
1006 848
968 544
1082 117
628 696
960 378
955 528
511 56
442 831
728 686
839 662
658 152
712 499
1125 228
530 9
568 519
799 485
1072 110
1010 76
1003 659
634 257
1041 381
744 684
611 505
1134 210
780 509
905 154
450 609
818 781
410 486
577 289
562 287
497 673
604 50
642 600
656 837
923 40
955 417
1165 150
877 847
704 429
534 72
556 39
808 393
775 574
1130 214
754 887
407 582
1153 458
1137 222
545 438
752 458
900 791
757 357
940 489
945 847
461 863
598 709
928 695
1011 613
431 47
1122 766
984 71
524 14
471 240
634 805
578 285
733 36
811 93
1124 725
832 842
624 367
1136 339
767 102
946 92
797 333
1135 488
663 111
882 207
764 794
719 275
1008 843
449 598
933 821
720 469
627 288
403 66
1043 523
634 3
626 155
945 183
593 12
741 495
789 174
405 760
815 491
441 140
838 359
957 203
980 396
920 270
400 188
450 312
631 293
761 256
1173 74
739 560
608 88
869 323
1068 842
1023 247
622 79
996 111
